version https://git-lfs.github.com/spec/v1
oid sha256:c3c8b31f2cc94a509999eef7027fc34505c323fffeeb96a840f1eafffba3bbbc
size 4461
